-9.800000000000000711e+00 -3.953825459722268504e-05 2.209296508689151048e-03
-9.399999999999998579e+00 6.558858832850817233e-07 2.210371530433438529e-03
-9.000000000000000000e+00 7.594545207218406839e-05 2.208455433755475775e-03
-8.600000000000001421e+00 1.708657548605695847e-04 2.203509422750048272e-03
-8.199999999999999289e+00 2.365572389356816025e-04 2.197902453516117297e-03
-7.799999999999999822e+00 2.409716714127900375e-04 2.198438761574149705e-03
-7.399999999999999467e+00 5.168556868671498380e-04 2.153872696662197800e-03
-7.000000000000000000e+00 1.493499583224826635e-03 1.665526344866196003e-03
-6.599999999999999645e+00 2.298707642175916270e-03 1.007234849091392546e-03
-6.200000000000000178e+00 5.655009475213082330e-03 2.490101775563117407e-03
-5.799999999999999822e+00 1.296752047910960937e-02 3.470701049818393849e-03
-5.399999999999999467e+00 2.416269403645805378e-02 4.666650479054798052e-03
-5.000000000000000000e+00 3.900542369916713825e-02 5.732151738010115259e-03
-4.599999999999999645e+00 5.678201907728711029e-02 6.545637363962781771e-03
-4.199999999999999289e+00 7.633467446460459604e-02 6.983040536309962840e-03
-3.799999999999999822e+00 9.825611931003754018e-02 8.410082865258730264e-03
-3.399999999999999467e+00 1.256207974717815645e-01 9.638868489551474100e-03
-2.999999999999999556e+00 1.566349228036081898e-01 1.024829469401389997e-02
-2.599999999999999645e+00 1.922532162958215107e-01 1.194617903918481459e-02
-2.199999999999999734e+00 2.384452472974799564e-01 1.578912142033113072e-02
-1.799999999999999822e+00 2.903290024860864516e-01 1.614715854802084571e-02
-1.399999999999999467e+00 3.415604030092055932e-01 1.582609733861362056e-02
-9.999999999999991118e-01 3.903069410401042161e-01 1.529132100385152508e-02
-5.999999999999987566e-01 4.355011369766958462e-01 1.483831290613695127e-02
-1.999999999999992895e-01 4.771241854190022558e-01 1.434566240508325548e-02
2.000000000000001776e-01 5.172978456818916326e-01 1.485415906061008338e-02
6.000000000000005329e-01 5.595390032179847761e-01 1.546553028457632768e-02
1.000000000000000888e+00 6.017383958527787735e-01 1.608095890101054332e-02
1.400000000000001243e+00 6.453366976714846048e-01 1.847571757285964775e-02
1.800000000000000711e+00 6.940762362957770826e-01 2.167223332636679031e-02
2.200000000000000178e+00 7.428894054779378031e-01 2.141049103421824307e-02
2.600000000000000533e+00 7.856183757503912846e-01 2.087874293094823044e-02
3.000000000000000888e+00 8.220447816891474080e-01 2.049988088360302912e-02
3.400000000000001243e+00 8.525298810559035489e-01 2.023659593686715635e-02
3.800000000000000711e+00 8.787906806239775825e-01 1.957580130882749167e-02
4.200000000000000178e+00 9.023271443085360000e-01 1.902014743037302655e-02
4.600000000000000533e+00 9.240914188232691728e-01 1.851126075779700730e-02
5.000000000000000888e+00 9.432757685346686571e-01 1.907278353372326637e-02
5.400000000000001243e+00 9.610214283410190017e-01 2.027197357141010889e-02
5.800000000000000711e+00 9.770547872584917082e-01 2.056181138738785372e-02
6.200000000000001066e+00 9.896213346890606610e-01 2.016598329932560441e-02
6.600000000000001421e+00 9.969494667044896952e-01 1.986016422588148325e-02
7.000000000000000000e+00 1.000000000000000000e+00 1.957547649320520722e-02
7.400000000000000355e+00 9.997608337474290785e-01 1.915282778694714708e-02
7.800000000000000711e+00 9.980499962767303002e-01 1.823858090569412116e-02
8.200000000000001066e+00 9.947537755382835911e-01 1.742213581573859651e-02
8.600000000000001421e+00 9.884877471244652991e-01 1.644763481210528150e-02
9.000000000000001776e+00 9.792574428598572744e-01 1.666203344584713669e-02
9.400000000000002132e+00 9.670396409093650059e-01 1.656284554006205723e-02
9.800000000000000711e+00 9.493671720141874104e-01 1.627256512226189777e-02
1.020000000000000107e+01 9.273873255585798336e-01 1.572867183304871991e-02
1.060000000000000142e+01 9.040294655550920044e-01 1.518341930656519692e-02
1.100000000000000178e+01 8.805179082368210786e-01 1.455118311432333257e-02
1.140000000000000213e+01 8.575757014344744800e-01 1.386719378098935467e-02
1.180000000000000071e+01 8.362330316001759245e-01 1.307928185115759048e-02
1.220000000000000107e+01 8.153962999325414795e-01 1.280584316845807813e-02
1.260000000000000142e+01 7.927743572409958750e-01 1.203646996151210187e-02
1.300000000000000178e+01 7.680253351646540994e-01 1.188179440139069606e-02
1.340000000000000213e+01 7.400705262617188751e-01 1.230058059861637715e-02
1.380000000000000071e+01 7.066935129413969285e-01 1.393856285183902449e-02
1.420000000000000107e+01 6.702998378647153643e-01 1.357047813616418623e-02
1.460000000000000142e+01 6.359082305842361782e-01 1.287244762551856270e-02
1.500000000000000178e+01 6.042397435412001361e-01 1.222013079795455925e-02
1.540000000000000213e+01 5.754571953510766447e-01 1.171071303734373854e-02
1.580000000000000071e+01 5.497894752058035683e-01 1.128693487933105782e-02
1.620000000000000284e+01 5.261674721088386297e-01 1.116098912695960739e-02
1.660000000000000142e+01 5.024277655702026335e-01 1.087123200993893313e-02
1.700000000000000000e+01 4.773733337392581655e-01 1.074201125301058046e-02
1.740000000000000213e+01 4.496291409151303431e-01 1.210069150280661601e-02
1.780000000000000071e+01 4.182944892079250021e-01 1.417947593768463174e-02
1.820000000000000284e+01 3.857217343335153648e-01 1.400063795632353753e-02
1.860000000000000142e+01 3.563407165264186882e-01 1.353385337270738946e-02
1.900000000000000000e+01 3.303287281682041887e-01 1.316570220365465005e-02
1.940000000000000213e+01 3.075193752987049334e-01 1.291677531463616968e-02
1.980000000000000071e+01 2.876617644238401716e-01 1.252265355210279915e-02
2.020000000000000284e+01 2.703264169653631366e-01 1.216275722162235041e-02
2.060000000000000142e+01 2.539216538525825295e-01 1.209014028071826903e-02
2.100000000000000000e+01 2.366591616631843198e-01 1.218360725632085077e-02
2.140000000000000213e+01 2.175054964917972622e-01 1.322412170596381185e-02
2.180000000000000071e+01 1.967199493997201509e-01 1.424791713497801718e-02
2.219999999999999929e+01 1.760607995828554206e-01 1.406996073998663041e-02
2.260000000000000142e+01 1.580992686405693348e-01 1.379252519157127439e-02
2.300000000000000355e+01 1.426702653427005807e-01 1.356122258814667150e-02
2.340000000000000213e+01 1.295977031787080569e-01 1.338094353320576704e-02
2.380000000000000071e+01 1.184715929939355733e-01 1.296711866329007187e-02
2.419999999999999929e+01 1.094772063421118186e-01 1.268917125245548790e-02
2.460000000000000142e+01 1.016618430683053492e-01 1.275721616868377359e-02
2.500000000000000355e+01 9.334133413399191281e-02 1.296408466836572113e-02
2.540000000000000213e+01 8.392301912232244532e-02 1.343939536963816885e-02
2.580000000000000071e+01 7.410728593598508995e-02 1.361847098925474467e-02
2.619999999999999929e+01 6.508428510645232479e-02 1.340509734892023942e-02
2.660000000000000142e+01 5.756465585672174146e-02 1.324660476348014405e-02
2.700000000000000355e+01 5.130163358014967756e-02 1.309884328520539466e-02
2.740000000000000213e+01 4.626782979287953623e-02 1.296178588552465358e-02
2.780000000000000071e+01 4.203860011675006336e-02 1.265287104804858898e-02
2.820000000000000284e+01 3.929863037438604406e-02 1.252542746507762095e-02
2.860000000000000497e+01 3.760202923731969377e-02 1.266660901271361023e-02
2.900000000000000355e+01 3.555602587655736641e-02 1.284242065304129835e-02
2.940000000000000213e+01 3.291278455965839650e-02 1.296922388711967307e-02
2.980000000000000071e+01 3.031222780787673488e-02 1.288358192693570339e-02
3.020000000000000284e+01 2.856177296517348196e-02 1.264816549314206999e-02
3.060000000000000497e+01 2.725437025269225946e-02 1.252358215268720501e-02
3.100000000000000355e+01 2.618089084787707591e-02 1.241229442535525529e-02
3.140000000000000213e+01 2.551028295975704685e-02 1.229011067135473041e-02
3.180000000000000071e+01 2.484932099689369719e-02 1.206782824612293546e-02
3.220000000000000284e+01 2.498249861292165669e-02 1.183997958110008866e-02
3.260000000000000853e+01 2.584675678758140485e-02 1.178915993654675205e-02
3.300000000000000000e+01 2.651455141913802716e-02 1.181919510571790427e-02
3.340000000000000568e+01 2.691678338429244477e-02 1.176964978748181075e-02
3.379999999999999716e+01 2.727854892719490040e-02 1.168009512545321871e-02
3.420000000000000284e+01 2.823557506917073051e-02 1.140313064063163198e-02
3.460000000000000853e+01 2.903511271668779772e-02 1.122046107175814558e-02
3.500000000000000000e+01 2.959364113611844677e-02 1.106699989518303111e-02
3.540000000000000568e+01 3.015024004355522022e-02 1.090924259085074288e-02
3.579999999999999716e+01 3.042050678868876007e-02 1.067667242288028971e-02
3.620000000000000284e+01 3.110267286845398368e-02 1.029488888487913381e-02
3.660000000000000853e+01 3.234773733340697704e-02 1.009982040823119952e-02
3.700000000000000000e+01 3.341703241941609143e-02 1.002014347988823897e-02
3.740000000000000568e+01 3.426968454134859954e-02 9.873083196676598131e-03
3.779999999999999716e+01 3.489143285451887233e-02 9.779006913100464840e-03
3.820000000000000284e+01 3.581334735702349642e-02 9.461719570674473334e-03
3.860000000000000853e+01 3.643184062500406939e-02 9.222771839668054972e-03
3.900000000000000000e+01 3.675222480165782346e-02 9.024791049877661786e-03
3.940000000000000568e+01 3.697705111259143307e-02 8.822243885069538938e-03
3.979999999999999716e+01 3.690190903920984034e-02 8.556569092083009601e-03
4.020000000000000284e+01 3.701133808607822567e-02 8.155025216123773166e-03
4.060000000000000853e+01 3.748600286153758177e-02 7.944601222147813085e-03
4.100000000000000000e+01 3.788140138307984767e-02 7.862670094067897991e-03
4.140000000000000568e+01 3.815719671847032923e-02 7.708534340636663366e-03
4.179999999999999716e+01 3.807594788893326615e-02 7.597572394948909000e-03
4.220000000000000284e+01 3.807376333278374159e-02 7.291373827234774903e-03
4.260000000000000853e+01 3.788938666052952403e-02 7.051359031432397582e-03
4.300000000000000000e+01 3.753269537203772488e-02 6.869939924026787631e-03
4.340000000000000568e+01 3.710538946710300462e-02 6.696117404830676488e-03
4.379999999999999716e+01 3.648893471540218258e-02 6.448859176403881448e-03
4.420000000000000284e+01 3.606011816791112462e-02 6.126697281326712319e-03
4.460000000000000853e+01 3.592281311719233011e-02 6.020312366204179713e-03
4.500000000000000000e+01 3.575326588115388532e-02 6.029749979778475412e-03
4.540000000000000568e+01 3.541427836981875243e-02 5.941520964503020467e-03
4.579999999999999716e+01 3.470705526670773977e-02 5.859331025864544622e-03
4.620000000000000284e+01 3.396101105297073819e-02 5.629685157447612831e-03
4.660000000000000853e+01 3.319837461862149702e-02 5.463387820821266963e-03
4.700000000000000000e+01 3.240840891863130263e-02 5.346429014784853662e-03
4.740000000000000568e+01 3.157922883218706317e-02 5.240556093510939824e-03
4.779999999999999716e+01 3.066875794647015707e-02 5.049343308132256229e-03
4.820000000000000284e+01 2.992611989516188314e-02 4.843024867520444830e-03
4.860000000000000853e+01 2.935778514381062396e-02 4.790535199992537567e-03
4.900000000000000000e+01 2.882714762828803012e-02 4.850121907306679213e-03
4.940000000000000568e+01 2.822519338312697024e-02 4.831863404231375413e-03
4.979999999999999716e+01 2.730640740542858783e-02 4.790848992981535867e-03
5.020000000000000284e+01 2.630959392967001029e-02 4.649754072053021402e-03
5.060000000000000853e+01 2.541044150811788346e-02 4.554424454823994065e-03
5.100000000000000000e+01 2.457494188395578996e-02 4.493260611368702848e-03
5.140000000000000568e+01 2.376473592427183479e-02 4.435525798933077739e-03
5.179999999999999716e+01 2.292388742752033901e-02 4.310840270027631142e-03
5.220000000000000284e+01 2.231304624956974986e-02 4.177841809772412165e-03
5.260000000000000853e+01 2.184052547217206139e-02 4.147206759805564455e-03
5.300000000000000000e+01 2.139801132455484978e-02 4.199627202089617657e-03
5.340000000000000568e+01 2.086081487850550628e-02 4.214929865455018486e-03
5.379999999999999716e+01 2.011102220149381392e-02 4.197694464883896213e-03
5.420000000000000284e+01 1.929706966454125192e-02 4.099809953715856554e-03
5.460000000000000142e+01 1.861794427970625207e-02 4.034672061935421633e-03
5.500000000000000000e+01 1.802686456190149417e-02 4.022661794588429200e-03
5.540000000000000568e+01 1.746479347778909924e-02 4.004517981745836508e-03
5.580000000000000426e+01 1.688530285900402897e-02 3.907003736380960587e-03
5.620000000000000284e+01 1.643352483134015787e-02 3.786767226080540050e-03
5.660000000000000142e+01 1.604203583846541478e-02 3.720018978332645648e-03
5.700000000000000000e+01 1.572097302623600215e-02 3.754085015883534392e-03
5.740000000000000568e+01 1.543023411953080466e-02 3.757020008810094819e-03
5.780000000000000426e+01 1.499173368231390170e-02 3.736546194928682015e-03
5.820000000000000284e+01 1.451078042651853667e-02 3.654754102247490064e-03
5.860000000000000142e+01 1.414684507596624015e-02 3.600529342958185171e-03
5.900000000000000000e+01 1.385848439800166539e-02 3.571183453746966559e-03
5.940000000000000568e+01 1.357999273313057614e-02 3.557801790171212508e-03
5.980000000000000426e+01 1.325444248425523830e-02 3.474310520019245532e-03
6.020000000000000284e+01 1.306823473576444045e-02 3.378371745366945920e-03
6.060000000000000142e+01 1.295110993002923996e-02 3.319337658259149774e-03
6.100000000000000000e+01 1.289192716132367411e-02 3.344048843024330971e-03
6.140000000000000568e+01 1.280685400390759940e-02 3.381728186797828585e-03
6.180000000000000426e+01 1.261903757607916315e-02 3.383319276660267261e-03
6.220000000000000284e+01 1.241526140514714362e-02 3.306781372876475313e-03
6.260000000000000142e+01 1.227824965888864826e-02 3.263462994346607183e-03
6.300000000000000000e+01 1.216760131617886619e-02 3.243001903829915121e-03
6.340000000000000568e+01 1.206218914992462921e-02 3.229526195668376825e-03
6.380000000000000426e+01 1.189396838597314883e-02 3.141031894363863208e-03
6.420000000000000284e+01 1.176413237354962706e-02 3.031822181259547725e-03
6.459999999999999432e+01 1.166279007264937190e-02 2.978378258321189801e-03
6.500000000000000000e+01 1.163646052312467677e-02 3.018411411085360988e-03
6.540000000000000568e+01 1.165155662446984777e-02 3.055217687588285182e-03
6.580000000000001137e+01 1.156950027402335775e-02 3.058963298391798296e-03
6.620000000000000284e+01 1.148025289815487494e-02 2.988344711064884907e-03
6.660000000000000853e+01 1.142250517905953576e-02 2.952905376870914710e-03
6.700000000000000000e+01 1.137689569563721768e-02 2.935066825501762497e-03
6.740000000000000568e+01 1.132481488127088688e-02 2.929458226202580340e-03
6.780000000000001137e+01 1.121771979843841187e-02 2.867130079411592172e-03
6.820000000000000284e+01 1.118282300264216919e-02 2.766677904116480406e-03
6.860000000000000853e+01 1.120845096897886764e-02 2.749735600380899623e-03
6.900000000000000000e+01 1.124301827589925182e-02 2.777570042328451980e-03
6.940000000000000568e+01 1.125655823806793673e-02 2.813514101014903072e-03
6.980000000000001137e+01 1.120248224647595568e-02 2.818967694690563235e-03
7.020000000000000284e+01 1.113437859926669563e-02 2.766781440520675334e-03
7.060000000000000853e+01 1.107419513710952361e-02 2.744214874534889846e-03
7.100000000000000000e+01 1.101390838176741389e-02 2.746972880962799540e-03
7.140000000000000568e+01 1.093235045970316829e-02 2.750789513778649411e-03
7.180000000000001137e+01 1.079397036369433502e-02 2.719221356408457399e-03
7.220000000000000284e+01 1.064313525988151189e-02 2.693670588303314923e-03
7.260000000000000853e+01 1.054129737045409951e-02 2.727358656116708312e-03
7.300000000000000000e+01 1.046782194623778993e-02 2.779141293096691178e-03
7.340000000000000568e+01 1.044197150540232023e-02 2.819597209790949011e-03
7.380000000000001137e+01 1.033961598129676598e-02 2.822259709093556581e-03
7.420000000000000284e+01 1.019534669997071256e-02 2.809166501792710342e-03
7.460000000000000853e+01 1.006785612989134424e-02 2.803843237875737211e-03
7.500000000000000000e+01 9.935028504517218195e-03 2.814158474874997595e-03
7.540000000000000568e+01 9.778003256912469118e-03 2.823848827918720456e-03
7.580000000000001137e+01 9.576866096974816916e-03 2.798727110385076065e-03
7.620000000000000284e+01 9.424874061523834390e-03 2.804576355069643857e-03
7.660000000000000853e+01 9.387823585589510911e-03 2.819938043372148019e-03
7.700000000000000000e+01 9.368553309333765150e-03 2.830153131323453596e-03
7.740000000000000568e+01 9.308447161266162825e-03 2.844619568502941391e-03
7.780000000000001137e+01 9.178756440110976897e-03 2.821681121501267743e-03
7.820000000000000284e+01 9.014028262456012103e-03 2.779658350033870334e-03
7.860000000000000853e+01 8.878389761591205451e-03 2.744239294844817278e-03
7.900000000000000000e+01 8.745668880063766498e-03 2.712175662860707125e-03
7.940000000000000568e+01 8.605815817984743474e-03 2.679026728243500376e-03
7.980000000000001137e+01 8.427765548114231342e-03 2.591645969684369319e-03
8.020000000000000284e+01 8.261775100432022789e-03 2.530274371810510223e-03
8.060000000000000853e+01 8.145343796776368175e-03 2.493821752454424088e-03
8.100000000000000000e+01 8.077808694304702830e-03 2.469595114849796984e-03
8.140000000000000568e+01 8.047757160495468479e-03 2.462518688196154489e-03
8.180000000000001137e+01 7.960800564165022505e-03 2.413847352147238234e-03
8.220000000000000284e+01 7.845559451741916657e-03 2.328950371113386753e-03
8.260000000000000853e+01 7.755615925831980083e-03 2.267863055996566062e-03
8.300000000000000000e+01 7.677620997577378793e-03 2.215823403719154906e-03
8.340000000000000568e+01 7.607859432303938109e-03 2.177644866936542366e-03
8.380000000000001137e+01 7.508498234853040396e-03 2.084755503068347598e-03
8.420000000000000284e+01 7.469358186421757966e-03 2.033633345632884695e-03
8.460000000000000853e+01 7.459564279285443855e-03 2.040946930568703771e-03
8.500000000000000000e+01 7.444673082905289146e-03 2.034852622478782683e-03
8.540000000000000568e+01 7.431189932536171917e-03 2.041125863116082483e-03
8.580000000000001137e+01 7.367649285973981894e-03 2.004837749706986361e-03
8.620000000000000284e+01 7.291871386315472783e-03 1.929387022481570280e-03
8.660000000000000853e+01 7.231477068949280357e-03 1.879230818808529839e-03
8.700000000000000000e+01 7.183431859564860800e-03 1.850691703163459111e-03
8.740000000000000568e+01 7.143070178255240057e-03 1.834414309506799019e-03
8.780000000000001137e+01 7.065889372827677262e-03 1.765860665770925758e-03
8.820000000000000284e+01 7.022683406883042066e-03 1.745278783507815549e-03
8.860000000000000853e+01 6.969717337585823284e-03 1.770150251939319082e-03
8.900000000000000000e+01 6.929385720546689734e-03 1.797535186537844044e-03
8.940000000000000568e+01 6.909334645777632372e-03 1.840448922400047139e-03
8.980000000000001137e+01 6.860308986613700317e-03 1.843141952490125364e-03
9.020000000000000284e+01 6.798955936785972334e-03 1.821370585121913485e-03
9.060000000000000853e+01 6.754633506219365376e-03 1.824553096222001746e-03
9.100000000000000000e+01 6.714197405695263715e-03 1.832881168338477453e-03
9.140000000000000568e+01 6.684787167753487511e-03 1.849471898964640025e-03
9.180000000000001137e+01 6.627462876675197477e-03 1.828116061307753434e-03
9.220000000000000284e+01 6.623629060228756679e-03 1.832099993536096937e-03
9.260000000000000853e+01 6.640705942514478141e-03 1.859383491305794051e-03
9.300000000000000000e+01 6.652570128274503010e-03 1.867713831268113167e-03
9.340000000000000568e+01 6.670730843652526894e-03 1.891299170073696160e-03
9.380000000000001137e+01 6.656458796096868628e-03 1.874054802786498082e-03
9.420000000000000284e+01 6.636246713729321463e-03 1.835946009938096112e-03
9.460000000000000853e+01 6.622928939209884493e-03 1.821309982240905054e-03
9.500000000000000000e+01 6.624094767445350834e-03 1.805366560438628537e-03
9.540000000000000568e+01 6.613210179358361071e-03 1.807656712774635905e-03
9.580000000000001137e+01 6.552585998351840961e-03 1.786005013125067237e-03
9.620000000000000284e+01 6.487168061118373137e-03 1.834613668994614609e-03
9.660000000000000853e+01 6.394956978377153850e-03 1.928338126181159198e-03
9.700000000000000000e+01 6.364226483059361346e-03 1.970317236024168601e-03
9.740000000000000568e+01 6.390883301687917684e-03 1.985941725410519162e-03
9.780000000000001137e+01 6.407595790107191783e-03 1.944754214273789828e-03
9.820000000000000284e+01 6.396422785306245078e-03 1.912306654344800034e-03
9.860000000000000853e+01 6.391232502191591426e-03 1.896195251285780637e-03
9.900000000000000000e+01 6.393701148549168524e-03 1.884871730473850447e-03
9.940000000000000568e+01 6.401109132541581322e-03 1.872339061025014894e-03
9.980000000000001137e+01 6.380023133670847252e-03 1.835171102703253478e-03
1.002000000000000028e+02 6.399839004747571308e-03 1.825793278055935732e-03
1.006000000000000085e+02 6.438587980399831587e-03 1.843396616066023683e-03
1.010000000000000000e+02 6.473784496496136527e-03 1.840250913179781447e-03
1.014000000000000057e+02 6.499493087200578639e-03 1.859149460121808754e-03
1.018000000000000114e+02 6.518723634095469413e-03 1.814376029554251547e-03
1.022000000000000028e+02 6.513758234605456290e-03 1.777870442744252473e-03
1.026000000000000085e+02 6.508639427356926847e-03 1.760726287439066473e-03
1.030000000000000000e+02 6.509565396057339845e-03 1.747030457154970674e-03
1.034000000000000057e+02 6.509538215611930696e-03 1.738012856758309414e-03
1.038000000000000114e+02 6.473813135841619340e-03 1.717985131263021284e-03
1.042000000000000028e+02 6.422448672997542983e-03 1.757005081668682085e-03
1.046000000000000085e+02 6.346799327716840834e-03 1.847170572457721826e-03
1.050000000000000000e+02 6.317805907731453494e-03 1.891463112084163477e-03
1.054000000000000057e+02 6.332478811685986544e-03 1.906443142862822120e-03
1.058000000000000114e+02 6.332848790086492187e-03 1.877023527226016550e-03
1.062000000000000028e+02 6.313281463765645259e-03 1.858375164424292542e-03
1.066000000000000085e+02 6.304130409950372063e-03 1.852059576138336341e-03
1.070000000000000000e+02 6.297512075135654544e-03 1.847868415692174599e-03
1.074000000000000057e+02 6.283277987436279750e-03 1.852481186841900031e-03
1.078000000000000114e+02 6.246032302325351705e-03 1.842957611447090978e-03
1.082000000000000028e+02 6.247129274694308669e-03 1.846366117425066742e-03
1.086000000000000085e+02 6.238764347046726368e-03 1.882875331798328396e-03
1.090000000000000000e+02 6.268799822587123663e-03 1.875651441822738432e-03
1.094000000000000057e+02 6.278187260250305858e-03 1.896429366076167033e-03
1.098000000000000114e+02 6.260641335108549366e-03 1.890613347025152944e-03
1.102000000000000028e+02 6.228809052679547438e-03 1.882448436628403245e-03
1.106000000000000085e+02 6.205760935686928381e-03 1.889414267206711686e-03
1.110000000000000000e+02 6.186759353265125494e-03 1.892559969865845659e-03
1.114000000000000057e+02 6.138923305419296747e-03 1.924328628778595703e-03
1.118000000000000114e+02 6.060158655529663922e-03 1.939030768666885791e-03
1.122000000000000028e+02 5.984890187272709147e-03 1.987595885929013730e-03
1.126000000000000085e+02 5.821235267999723233e-03 2.109389352092669399e-03
1.130000000000000000e+02 5.727574341106874550e-03 2.171814580430561029e-03
1.134000000000000057e+02 5.717386752610046849e-03 2.194096767735329283e-03
1.138000000000000114e+02 5.665368254626088063e-03 2.202491725260089829e-03
1.142000000000000028e+02 5.587137286206108992e-03 2.219322152218412923e-03
1.146000000000000085e+02 5.514101896628108117e-03 2.243794578070634239e-03
1.150000000000000000e+02 5.460217778139649786e-03 2.260661655125023421e-03
1.154000000000000057e+02 5.415733146260616297e-03 2.277412954814565446e-03
1.158000000000000114e+02 5.329658637349962876e-03 2.286400834842493377e-03
1.162000000000000028e+02 5.327627446143894975e-03 2.286571163678774790e-03
1.166000000000000085e+02 5.308189252032225434e-03 2.318673523140895015e-03
1.170000000000000000e+02 5.315695511268462951e-03 2.319998856401847640e-03
1.174000000000000057e+02 5.309256694882154466e-03 2.340757312541701888e-03
1.178000000000000114e+02 5.272048978012076371e-03 2.339537229087930957e-03
1.182000000000000028e+02 5.191201217848624011e-03 2.345283845375981547e-03
1.186000000000000085e+02 5.128771733579292648e-03 2.355439801861720223e-03
1.190000000000000142e+02 5.082180860910661714e-03 2.361656161108389822e-03
1.194000000000000057e+02 5.041408098464266081e-03 2.369738913486887401e-03
1.197999999999999972e+02 4.954641819509885380e-03 2.367567618261282991e-03
1.202000000000000028e+02 4.833410958192371591e-03 2.383627084385728581e-03
1.206000000000000085e+02 4.668257554218712031e-03 2.417227296114135907e-03
1.210000000000000142e+02 4.582756848927727923e-03 2.426959526470289473e-03
1.214000000000000057e+02 4.572594710233078216e-03 2.440147545450986610e-03
1.217999999999999972e+02 4.511533822976328441e-03 2.429598327500000470e-03
1.222000000000000028e+02 4.456340004085895291e-03 2.418055572629109612e-03
1.226000000000000085e+02 4.418504306956201090e-03 2.413047449826447553e-03
1.230000000000000142e+02 4.381301904230037840e-03 2.404829852399215269e-03
1.234000000000000057e+02 4.353445550438755397e-03 2.402885112338369513e-03
1.237999999999999972e+02 4.301703507959957554e-03 2.389049586980762901e-03
1.242000000000000028e+02 4.310893022692572317e-03 2.385866071792325498e-03
1.246000000000000085e+02 4.363530388910566091e-03 2.404788061698460294e-03
1.250000000000000142e+02 4.421132835059294643e-03 2.413165969380267131e-03
1.254000000000000057e+02 4.442768413080240737e-03 2.424890669627417610e-03
1.257999999999999972e+02 4.434032202436939685e-03 2.416756203531169721e-03
1.262000000000000028e+02 4.419003601289889747e-03 2.404586707882220079e-03
1.266000000000000085e+02 4.420388163172927348e-03 2.401936182944833676e-03
1.270000000000000142e+02 4.407903435541427918e-03 2.396046987872011824e-03
1.274000000000000057e+02 4.387052832719237107e-03 2.394600097137097178e-03
1.277999999999999972e+02 4.334876053256998298e-03 2.377973000811052420e-03
1.281999999999999886e+02 4.255573336483464697e-03 2.369365580528553627e-03
1.286000000000000227e+02 4.200749313501388194e-03 2.375632027673178336e-03
1.290000000000000000e+02 4.150282891583719110e-03 2.373145222070787656e-03
1.294000000000000057e+02 4.175435029885788199e-03 2.387562873282803033e-03
1.298000000000000114e+02 4.169172957924681920e-03 2.374717793099424823e-03
1.301999999999999886e+02 4.164163024755221550e-03 2.364989050368658530e-03
1.306000000000000227e+02 4.167546948547676440e-03 2.363159356002237331e-03
1.310000000000000000e+02 4.165261953277584438e-03 2.359824985302500129e-03
1.314000000000000057e+02 4.172670861440597526e-03 2.358848525746977398e-03
1.318000000000000114e+02 4.149682562965602110e-03 2.345606647301602590e-03
1.321999999999999886e+02 4.209708459316215644e-03 2.352466309928510045e-03
1.326000000000000227e+02 4.340215047982475330e-03 2.377627119381867018e-03
1.330000000000000000e+02 4.415404388998136163e-03 2.381437469283125517e-03
1.334000000000000057e+02 4.430921320342609201e-03 2.397479098470388630e-03
1.338000000000000114e+02 4.466281115626481377e-03 2.386605656911068053e-03
1.341999999999999886e+02 4.482822473034947172e-03 2.378181627470865676e-03
1.346000000000000227e+02 4.492792601395867794e-03 2.373940369152620529e-03
1.350000000000000000e+02 4.496245237201379474e-03 2.373192843578550426e-03
1.354000000000000057e+02 4.500463388339259740e-03 2.368304810780783552e-03
1.358000000000000114e+02 4.474415529769084320e-03 2.356051225733976715e-03
1.361999999999999886e+02 4.417249783854525387e-03 2.355872708015078597e-03
1.366000000000000227e+02 4.399247506928063121e-03 2.368782557118373402e-03
1.370000000000000000e+02 4.365906108177742932e-03 2.367151076294397947e-03
1.374000000000000057e+02 4.375185094470775138e-03 2.380794883347455392e-03
1.378000000000000114e+02 4.388616120446717402e-03 2.369704926655337787e-03
1.381999999999999886e+02 4.389601019349229603e-03 2.362706854378490273e-03
1.386000000000000227e+02 4.385473134074309789e-03 2.359942113348445069e-03
1.390000000000000000e+02 4.370034600188241192e-03 2.356859317230324252e-03
1.394000000000000057e+02 4.353827086184218834e-03 2.349348999555162399e-03
1.398000000000000114e+02 4.313270019770045101e-03 2.329114909931653214e-03
1.401999999999999886e+02 4.279540297676023668e-03 2.324397997529305867e-03
